RUN 3812004 1898238906 1280 960 3600
SPAWN 0 0 186 2 0
SCHEME 0 53
SPAWN 180 1 164 3 0
SPAWN 240 2 156 3 0
SCHEME 348 85
SCHEME 1372 107
SPAWN 1740 3 169 2 0
SPAWN 2286 2 203 3 0
SCHEME 2396 86
SPAWN 2691 4 1 0 0
SCHEME 3420 52
SPAWN 3481 4 7 0 0
PROG 180 180 0 24 0 199 2
SUM 3812004 7 7 0 5 -1 186
ELIG 24 25 26 27 28 29 30 31 32 33 34 35 36 37 38 39 40 41 42 43 44 45 46 47 48 49 50 51 52 53 54 55 56 57 58 59 60 61 62 63 64 65 66 67 68 69 70 71 72 73 74 75 76 77 78 79 80 81 82 83 84 85 86 87 88 89 90 91 92 93 94 95 96 97 98 99 100 101 102 103 104 105 106 107 108 109 110 111 112 113 114 115 116 117 118 119 120 121 122 123 124 125 126 127 128 129 130 131 132 133 134 156 157 158 159 160 161 162 163 164 165 166 167 168 169 170 171 172 173 174 175 176 177 178 179 180 181 182 183 184 185 186 187 188 189 190 191 192 193 194 195 196 197 198 199 200 201 202 203 204 205 206 207 208 209 210 211 212 213 214 215 216 217 218 219 220 221 222 223 224
RTS 1 7 156 164 169 186 203
PALS 52 53 85 86 107
