RUN 3157482 69974214 1280 960 3600
SPAWN 0 0 117 0 0
SCHEME 0 91
SPAWN 180 1 123 1 0
SPAWN 240 2 132 3 0
SCHEME 534 5
SCHEME 1558 0
SPAWN 1700 4 110 0 0
SPAWN 2523 1 150 3 0
SCHEME 2582 95
SPAWN 3140 4 115 0 0
PROG 125 125 0 29 1 195 0
SUM 3157482 6 6 0 4 -1 117
ELIG 24 25 26 27 28 29 30 31 108 109 110 111 112 113 114 115 116 117 118 119 120 121 122 123 124 125 126 127 128 129 130 131 132 133 134 135 136 137 138 139 140 141 142 143 144 145 146 147 148 149 150 151 152 153 154 155 156 157 158 159 160 161 162 163 164 165 166 167 168 169 170 171 172 173 174 175 176 177 178 179 180 181 182 183 184 185 186 187 188 189 190 191 192 193 194 195 196 197 198 199 200 201 202 203 204 205 206 207 208 209 210 211 212 213 214 215 216 217 218 219 220 221 222 223 224
RTS 110 115 117 123 132 150
PALS 0 5 91 95
