RUN 3506611 3752195989 1280 960 3600
SPAWN 0 0 2 0 0
SCHEME 0 119
SPAWN 290 4 173 1 0
SCHEME 589 8
SCHEME 1613 85
SPAWN 1759 1 213 2 0
SPAWN 2121 4 9 0 0
SPAWN 2338 4 173 1 1
SCHEME 2637 15
PROG 102 102 0 24 1 200 0
SUM 3506611 4 5 1 4 -1 2
ELIG 24 25 26 27 28 29 30 31 32 33 34 35 36 37 38 39 40 41 42 43 44 45 46 47 48 49 50 51 52 53 54 55 56 57 58 59 60 61 62 63 64 65 66 67 68 69 70 71 72 172 173 174 175 176 177 178 179 180 181 182 183 184 185 186 187 188 189 190 191 192 193 194 195 196 197 198 199 200 201 202 203 204 205 206 207 208 209 210 211 212 213 214 215 216 217 218 219 220 221 222 223 224
RTS 2 9 173 213
PALS 8 15 85 119
