RUN 2699421 1200871156 1280 960 3600
SPAWN 0 0 101 0 0
SCHEME 0 86
SPAWN 180 1 114 2 0
SPAWN 240 2 102 3 0
SCHEME 867 115
SCHEME 1891 45
SPAWN 2091 4 11 0 0
SPAWN 2374 1 129 3 0
SCHEME 2915 63
SPAWN 2976 4 6 0 0
PROG 131 131 0 25 0 196 4
SUM 2699421 6 6 0 4 -1 101
ELIG 24 25 26 97 98 99 100 101 102 103 104 105 106 107 108 109 110 111 112 113 114 115 116 117 118 119 120 121 122 123 124 125 126 127 128 129 130 131 132 133 134 135 136 137 138 139 140 141 142 143 144 145 146 147 148 149 150 151 152 153 154 155 156 157 158 159 160 161 162 163 164 165 166 167 168 169 170 171 172 173 174 175 176 177 178 179 180 181 182 183 184 185 186 187 188 189 190 191 192 193 194 195 196 197 198 199 200 201 202 203 204 205 206 207 208 209 210 211 212 213 214 215 216 217 218 219 220 221 222 223 224
RTS 6 11 101 102 114 129
PALS 45 63 86 115
