RUN 2938103 2490590530 1280 960 3600
SPAWN 0 0 21 0 0
SCHEME 0 116
SPAWN 180 1 164 3 0
SPAWN 240 2 169 2 0
SCHEME 777 97
SPAWN 787 4 15 0 0
SCHEME 1801 110
SPAWN 1862 4 4 0 0
SCHEME 2825 99
SPAWN 2886 4 2 0 0
PROG 124 124 0 24 0 200 1
SUM 2938103 6 6 0 4 -1 21
ELIG 24 25 26 27 28 29 30 31 32 33 34 35 36 37 38 39 40 41 42 43 44 45 46 47 48 49 50 51 52 53 54 55 56 57 58 59 60 61 62 63 64 65 66 67 68 69 70 71 72 73 74 75 76 77 78 79 157 158 159 160 161 162 163 164 165 166 167 168 169 170 171 172 173 174 175 176 177 178 179 180 181 182 183 184 185 186 187 188 189 190 191 192 193 194 195 196 197 198 199 200 201 202 203 204 205 206 207 208 209 210 211 212 213 214 215 216 217 218 219 220 221 222 223 224
RTS 2 4 15 21 164 169
PALS 97 99 110 116
