RUN 1039284 1145870292 1280 960 3600
SPAWN 0 0 69 0 0
SCHEME 0 5
SCHEME 76 21
SPAWN 133 4 70 0 0
SPAWN 372 1 116 2 0
SPAWN 432 2 123 1 0
SCHEME 1100 85
SPAWN 1833 4 73 0 0
SCHEME 2124 92
SPAWN 2213 3 109 2 0
SPAWN 2614 2 194 2 0
SCHEME 3148 44
SPAWN 3336 1 169 2 0
SPAWN 3533 4 72 0 0
PROG 205 205 0 29 0 196 0
SUM 1039284 9 9 0 5 -1 69
ELIG 0 1 2 3 24 25 26 27 28 29 30 31 32 33 34 35 36 37 38 39 40 41 42 43 44 45 46 47 48 49 50 51 52 53 54 55 56 57 58 59 60 61 62 63 64 65 66 67 68 69 70 71 72 73 74 75 76 77 78 79 80 81 82 83 84 85 86 87 88 89 90 91 92 93 94 95 96 97 98 99 100 101 102 103 104 105 106 107 108 109 110 111 112 113 114 115 116 117 118 119 120 121 122 123 124 125 126 127 128 129 130 131 132 133 134 135 136 137 138 139 140 141 142 143 144 145 146 147 148 149 150 151 152 153 154 155 156 157 158 159 160 161 162 163 164 165 166 167 168 169 170 171 172 173 174 175 176 177 178 179 180 181 182 183 184 185 186 187 188 189 190 191 192 193 194 195 196 197 198 199 200 201 202 203 204 205 206 207 208 209 210 211 212 213 214 215 216 217 218 219 220 221 222 223 224
RTS 69 70 72 73 109 116 123 169 194
PALS 5 21 44 85 92
