RUN 2244532 2553297614 1280 960 3600
SPAWN 0 0 65 0 0
SCHEME 0 36
SCHEME 76 65
SPAWN 180 1 154 1 0
SPAWN 360 2 62 2 0
SCHEME 1100 37
SCHEME 2124 118
SPAWN 2131 4 0 0 0
SPAWN 2818 4 154 1 1
SPAWN 3118 1 59 2 0
SCHEME 3148 20
PROG 149 149 0 25 1 197 2
SUM 2244532 5 6 1 5 -1 65
ELIG 24 26 27 29 30 31 33 34 36 37 39 40 41 42 43 44 46 47 49 50 52 53 54 56 57 59 60 62 63 64 65 66 67 69 70 72 73 74 75 76 77 79 80 82 83 85 86 87 89 90 92 93 95 96 97 98 99 100 102 103 105 106 108 109 110 112 113 115 116 118 119 120 122 123 125 126 128 129 130 131 132 133 135 136 138 139 141 142 143 145 146 148 149 151 152 153 154 155 156 158 159 161 162 164 165 166 168 169 171 172 174 175 176 178 179 181 182 184 185 186 187 188 189 191 192 194 195 197 198 199 201 202 204 205 207 208 209 210 211 212 214 215 217 218 219 220 221 222 224
RTS 0 59 62 65 154
PALS 20 36 37 65 118
