RUN 417022 1195275215 1280 960 3600
SPAWN 0 0 48 0 0
SCHEME 0 34
SPAWN 180 1 159 3 0
SPAWN 240 2 55 2 0
SCHEME 770 14
SCHEME 1794 99
SPAWN 2091 4 8 0 0
SPAWN 2479 1 114 2 0
SCHEME 2818 83
SPAWN 2879 4 9 0 0
SPAWN 3268 2 152 3 0
SPAWN 3448 3 60 2 0
PROG 169 169 0 25 0 199 1
SUM 417022 8 8 0 4 -1 48
ELIG 24 25 26 28 29 30 31 32 33 35 36 37 38 39 40 42 43 45 46 47 48 49 50 52 53 54 55 56 57 59 60 61 62 63 64 66 67 68 69 70 71 73 74 75 76 77 78 80 81 82 83 84 85 87 88 89 90 91 92 94 95 97 98 99 100 101 102 104 105 106 107 108 109 111 112 113 114 115 116 118 119 120 121 122 123 125 126 127 128 129 130 132 133 134 135 136 137 139 140 142 143 144 146 147 149 150 151 152 153 154 156 157 158 159 160 161 163 164 165 166 167 168 170 171 172 173 174 175 177 178 179 180 181 182 184 185 186 187 188 189 191 192 194 195 196 197 198 199 201 202 203 204 205 206 208 209 210 211 212 213 215 216 217 218 219 220 222 223 224
RTS 8 9 48 55 60 114 152 159
PALS 14 34 83 99
