RUN 1996488 1154168766 1280 960 3600
SPAWN 0 0 163 2 0
SCHEME 0 85
SPAWN 180 1 55 2 0
SCHEME 312 43
SCHEME 1336 12
SCHEME 2360 105
SPAWN 2362 1 57 2 0
SPAWN 2391 4 0 0 0
SCHEME 3384 92
SPAWN 3445 4 17 0 0
PROG 150 150 0 24 0 199 2
SUM 1996488 5 5 0 5 -1 163
ELIG 24 25 26 27 28 29 30 31 32 33 34 35 36 37 38 39 40 41 42 43 44 45 46 47 48 49 50 51 52 53 54 55 56 57 83 84 85 86 87 88 89 90 91 92 93 94 95 96 97 98 99 100 101 102 103 104 105 106 107 108 109 110 111 112 113 114 115 116 117 118 119 120 121 122 123 124 125 126 127 128 129 130 131 132 133 134 135 136 137 138 139 140 141 142 143 144 145 146 147 148 149 150 151 152 153 154 155 156 157 184 185 186 187 188 189 190 191 192 193 194 195 196 197 198 199 200 201 202 203 204 205 206 207 208 209 210 211 212 213 214 215 216 217 218 219 220 221 222 223 224
RTS 0 17 55 57 163
PALS 12 43 85 92 105
