RUN 3506611 3752195989 1280 960 3600
SPAWN 0 0 183 0 0
SCHEME 0 119
SCHEME 589 8
SCHEME 1613 85
SPAWN 1860 1 63 2 0
SPAWN 2091 4 0 0 0
SPAWN 2338 4 88 0 0
SCHEME 2637 15
PROG 141 141 0 26 0 199 0
SUM 3506611 4 4 0 4 -1 183
ELIG 24 26 27 28 30 31 32 34 35 37 38 39 41 42 45 46 48 49 50 52 53 56 57 59 60 61 63 64 67 68 70 71 72 74 75 77 78 79 81 82 83 85 86 88 89 90 92 93 94 96 97 99 100 101 103 104 105 107 108 110 111 112 114 115 116 118 119 121 122 123 125 126 127 129 130 132 133 134 136 137 138 140 141 143 144 145 147 148 151 152 154 155 156 158 159 162 163 165 166 167 169 170 172 173 174 176 177 178 180 181 183 184 185 187 188 189 191 192 194 195 196 198 199 200 202 203 205 206 207 209 210 211 213 214 216 217 218 220 221 222 224
RTS 0 63 88 183
PALS 8 15 85 119
