RUN 3157482 69974214 1280 960 3600
SPAWN 0 0 108 1 0
SCHEME 0 91
SPAWN 480 4 91 1 0
SCHEME 534 5
SPAWN 689 1 129 3 0
SCHEME 1558 0
SPAWN 2311 4 108 1 1
SCHEME 2582 95
SPAWN 3114 1 221 2 0
PROG 134 134 0 24 2 198 1
SUM 3157482 4 5 1 4 -1 108
ELIG 24 25 27 28 30 31 34 35 37 38 40 41 42 44 45 47 48 51 52 54 55 57 58 59 61 62 64 65 68 69 71 72 74 75 76 78 79 81 82 83 85 86 88 89 91 92 93 95 96 98 99 100 102 103 105 106 108 109 110 112 113 115 116 117 119 120 122 123 126 127 129 130 132 133 134 136 137 139 140 143 144 146 147 149 150 151 153 154 156 157 160 161 163 164 166 167 168 170 171 173 174 177 178 180 181 183 184 185 187 188 190 191 192 194 195 197 198 200 201 202 204 205 207 208 209 211 212 214 215 218 219 221 222 224
RTS 91 108 129 221
PALS 0 5 91 95
