RUN 2938103 2490590530 1280 960 3600
SPAWN 0 0 86 0 0
SCHEME 0 116
SPAWN 180 1 133 2 0
SCHEME 777 97
SCHEME 1801 110
SPAWN 2091 4 22 0 0
SPAWN 2300 2 128 3 0
SPAWN 2692 1 62 2 0
SCHEME 2825 99
SPAWN 2835 4 18 0 0
PROG 173 173 0 25 0 200 0
SUM 2938103 6 6 0 4 -1 86
ELIG 24 25 26 29 30 31 32 33 34 35 36 37 38 41 42 43 44 45 46 47 48 49 50 53 54 55 56 57 58 59 60 61 62 65 66 67 68 69 70 71 72 73 74 76 77 78 79 80 81 82 83 84 85 86 88 89 90 91 92 93 94 95 96 97 100 101 102 103 104 105 106 107 108 109 112 113 114 115 116 117 118 119 120 121 124 125 126 127 128 129 130 131 132 133 136 137 138 139 140 141 142 143 144 145 147 148 149 150 151 152 153 154 155 156 157 159 160 161 162 163 164 165 166 167 168 171 172 173 174 175 176 177 178 179 180 183 184 185 186 187 188 189 190 191 192 195 196 197 198 199 200 201 202 203 204 206 207 208 209 210 211 212 213 214 215 216 218 219 220 221 222 223 224
RTS 18 22 62 86 128 133
PALS 97 99 110 116
