RUN 2699421 1200871156 1280 960 3600
SPAWN 0 0 8 0 0
SCHEME 0 86
SPAWN 180 1 63 2 0
SCHEME 867 115
SPAWN 928 4 5 0 0
SCHEME 1891 45
SPAWN 1952 4 18 0 0
SPAWN 2221 2 97 3 0
SPAWN 2281 3 148 2 0
SCHEME 2915 63
SPAWN 2976 4 22 0 0
PROG 167 167 0 24 0 200 1
SUM 2699421 7 7 0 4 -1 8
ELIG 24 26 28 29 30 31 32 33 35 36 37 38 39 40 41 42 44 45 46 47 48 49 50 51 53 54 55 56 57 58 59 60 62 63 64 65 66 67 69 71 72 73 74 75 76 78 80 81 82 83 84 85 87 89 90 91 92 93 94 96 97 98 99 100 101 102 103 105 106 107 108 109 110 111 112 114 115 116 117 118 119 120 121 123 124 125 126 127 128 130 132 133 134 135 136 137 139 141 142 143 144 145 146 148 150 151 152 153 154 155 157 159 160 161 162 163 164 166 167 168 169 170 171 172 173 175 176 177 178 179 180 181 182 184 185 186 187 188 189 190 191 193 194 195 196 197 198 200 202 203 204 205 206 207 209 211 212 213 214 215 216 218 220 221 222 223 224
RTS 5 8 18 22 63 97 148
PALS 45 63 86 115
